=勇=
--
1153214
我也不是大无畏
22532123
我也不是不怕死
333334561
但是在浪漫热吻之前
1165 1234
如何险要 悬崖绝岭
34343312
为你亦当是平地
1153214
爱你不用合情理
#5555673[1][2]7[1]
但愿用直觉本能去抓住你
7656165
一想到心仪的你
1234534
从来没有的力气
314434#46655
突然注入渐软的双臂
5655[1]5
旁人从不赞同
55[1][2][3]5
连情理也不容
55567[1]7655
仍全情投入伤都不觉痛
33[2][2][1]6
如穷追一个梦
111165
谁人如何激进
5[1]34345565
亦不及我为你那么勇
555[2][1]5
沿途红灯再红
55[3][2][1]7
无人可挡我路
777[1][2][3][2][1]3366
望着是万马千军都直冲
545[1]1 234532211
我没有温柔唯独有这点英勇


1153214
我也希望被怜爱
#5555673[1][2]7[1]
但自愿扮作英雄去保护你
7656165
勋章你不留给我
1234534
仍然愿意撑下去
314434#46655
傲然笑着为你挡兵器
5655[1]5
旁人从不赞同
55[1][2][3]5
连情理也不容
55567[1]7655
仍全情投入伤都不觉痛
33[2][2][1]6
如穷追一个梦
111165
谁人如何激进
5[1]34345565
亦不及我为你那么勇
555[2][1]5
沿途红灯再红
55[3][2][1]7
无人可挡我路
777[1][2][3][2][1]3366
望着是万马千军都直冲
545[1]1 234532211
我没有温柔唯独有这点英勇

1(7)(6)111
跌下来 再上去
333666
就像是 不倒翁
1143455
明明已是扑空
434#44655
再尽全力补中
555[2][1]
旁人从不赞同
55[1][2][3]5
连情理也不容
55567[1]7655
仍全情投入伤都不觉痛
33[2][2][1]6
如穷追一个梦
111165
谁人如何激进
5[1]34345565
亦不及我为你那么勇
555[2][1]5
沿途红灯再红
55[3][2][1]7
无人可挡我路
777[1][2][3][2][1]3366
望着是万马千军都直冲
545[1]1 234532211
再没有支援 还是有这点英勇
545[1]1
渴望爱的人
2345332211
全部爱得很英勇
